9.615305648053897869e+01
5.780159599924497371e+01
4.846704002337989436e+01
4.338641355420157453e+01
4.063865771052920195e+01
3.827138856635198039e+01
3.668920499549120962e+01
3.578879011433861734e+01
3.434983858415218094e+01
3.365052015869801494e+01
3.278822124591570031e+01
3.163771450486961001e+01
3.114998062644949073e+01
3.065660448463885501e+01
3.043922930557528161e+01
2.982395105041176109e+01
2.944677251028405962e+01
2.914288287185892656e+01
2.913136773094801768e+01
2.877771901549235523e+01
2.871476531802931831e+01
2.857096920187974831e+01
2.837903780112581842e+01
2.824661676120729936e+01
2.816534866023643957e+01
2.811826575035210851e+01
2.807475143899711512e+01
2.794655795695107869e+01
2.783350087653449023e+01
2.762431209090742357e+01
2.737114285148039627e+01
2.733357773492138776e+01
2.718943525820008844e+01
2.702281643528920085e+01
2.678127331748846984e+01
2.649065891151836638e+01
2.626217696200718521e+01
2.614884367792200948e+01
2.600957857192998901e+01
2.587826982956651278e+01
2.587601564155384182e+01
2.578819966884299220e+01
2.562415246341056729e+01
2.560521800789032554e+01
2.554148984203343176e+01
2.538781319187235752e+01
2.533524418273421475e+01
2.533134407936283949e+01
2.526414818922907912e+01
2.525401666628905417e+01
2.517743885468638254e+01
2.501742923493565485e+01
2.493317210476979184e+01
2.488218311562541984e+01
2.485554049017705225e+01
2.485086208779106443e+01
2.473395711663378904e+01
2.473395711663378904e+01
2.471539801935128722e+01
2.467550182160380245e+01
2.462331263289859962e+01
2.462331263289859962e+01
2.452465826172393548e+01
2.449472982603743176e+01
2.446887089282329697e+01
2.446378850723112919e+01
2.445698871063698476e+01
2.443698379092465345e+01
2.443094248873099161e+01
2.441574429558383841e+01
2.440356011945347348e+01
2.434102703380166588e+01
2.431514795035236887e+01
2.428596854814069417e+01
2.428177131319268511e+01
2.420958382261195396e+01
2.419889160915283810e+01
2.416358928586584298e+01
2.416358928586584298e+01
2.416358928586584298e+01
2.416358928586584298e+01
2.411320348199490127e+01
2.399866283020014635e+01
2.392421380763609662e+01
2.392421380763609662e+01
2.380814239930280607e+01
2.380814239930280607e+01
2.380283025974602396e+01
2.377552664325050458e+01
2.377552664325050458e+01
2.377552664325050458e+01
2.377552664325050458e+01
2.377033273684956072e+01
2.377033273684956072e+01
2.377033273684956072e+01
2.377033273684956072e+01
2.376488871316884754e+01
2.376488871316884754e+01
2.375679998324723385e+01
2.375457435553929741e+01
2.375457435553929741e+01
2.375121545916269739e+01
2.375121545916269739e+01
2.375121545916269739e+01
2.375121545916269739e+01
2.375121545916269739e+01
2.375121545916269739e+01
2.375121545916269739e+01
2.375121545916269739e+01
2.375121545916269739e+01
2.369299911140733528e+01
2.369299911140733528e+01
2.369299911140733528e+01
2.369299911140733528e+01
2.369299911140733528e+01
2.365571099478077954e+01
2.360801097905130419e+01
2.360801097905130419e+01
2.360801097905130419e+01
2.360801097905130419e+01
2.360801097905130419e+01
2.360801097905130419e+01
2.360801097905130419e+01
2.358801244372511263e+01
2.358801244372511263e+01
2.358671802888932945e+01
2.358242096650381114e+01
2.358242096650381114e+01
2.358242096650381114e+01
2.349801321513822927e+01
2.345409064318404546e+01
2.342367340550648791e+01
2.342367340550648791e+01
2.340476250058315699e+01
2.339607757440724711e+01
2.339607757440724711e+01
2.339607757440724711e+01
2.338775953192243406e+01
2.338775953192243406e+01
2.332097116486402300e+01
2.332097116486402300e+01
2.332097116486402300e+01
2.332097116486402300e+01
2.332097116486402300e+01
2.323733168124529413e+01
2.323733168124529413e+01
2.322741280702216571e+01
2.321786416904856765e+01
2.321786416904856765e+01
2.321786416904856765e+01
2.319607312881117878e+01
2.319607312881117878e+01
2.319607312881117878e+01
2.318712469992065195e+01
2.315947982001547700e+01
2.315947982001547700e+01
2.315866227088351437e+01
2.313793595911568346e+01
2.313793595911568346e+01
2.313793595911568346e+01
2.313793595911568346e+01
2.312610165823799591e+01
2.312610165823799591e+01
2.312610165823799591e+01
2.312610165823799591e+01
2.312610165823799591e+01
2.308467294725631902e+01
2.308467294725631902e+01
2.308467294725631902e+01
2.305382989571235797e+01
2.305382989571235797e+01
2.305382989571235797e+01
2.305025209496275806e+01
2.305025209496275806e+01
2.305025209496275806e+01
2.305025209496275806e+01
2.305025209496275806e+01
2.305025209496275806e+01
2.305025209496275806e+01
2.305025209496275806e+01
2.305025209496275806e+01
2.305025209496275806e+01
2.305025209496275806e+01
2.300783714680771297e+01
2.300783714680771297e+01
2.300783714680771297e+01
2.300783714680771297e+01
2.300783714680771297e+01
2.300783714680771297e+01
2.300118258562500273e+01
2.300118258562500273e+01
2.300118258562500273e+01
2.300118258562500273e+01
2.300118258562500273e+01
2.300118258562500273e+01
2.300118258562500273e+01
2.300118258562500273e+01
2.300118258562500273e+01
2.299360171814049281e+01
2.298937920400259927e+01
