1.123437405298737275e+02 5.782515398424587971e+01 5.016084835278418552e+01 4.546902225955544452e+01 4.337136184940978012e+01 4.047325362902218870e+01 3.910784252789959226e+01 3.697313986343583281e+01 3.540616212537888430e+01 3.476112273322188884e+01 3.394511494348394365e+01 3.290840305247720465e+01 3.223615295402920111e+01 3.163952838478937579e+01 3.136799854073851179e+01 3.117588870455852756e+01 3.076053051110593017e+01 3.052763484313573628e+01 3.038892150264962311e+01 3.034346574565558186e+01
1.093726817705955767e+02 5.802764844001190170e+01 4.813044897909416164e+01 4.462976638584085975e+01 4.189887221231150960e+01 3.995112093476232218e+01 3.762854149677518478e+01 3.619560646492039524e+01 3.513175655466254454e+01 3.359473865407275639e+01 3.252137907830252317e+01 3.191387920218602403e+01 3.142589668762043686e+01 3.107761162845895697e+01 3.025112428857566726e+01 3.019035348043654565e+01 3.006849456886834915e+01 2.956936365541680445e+01 2.926435388031303475e+01 2.904701928717379644e+01
1.042583434281381045e+02 5.950896103404124204e+01 4.817124910435350671e+01 4.310731327683203062e+01 4.115841273032892644e+01 3.914483987404826593e+01 3.654861713910116805e+01 3.542504667793774331e+01 3.375694197121570284e+01 3.264985293200805216e+01 3.152056109060107048e+01 3.076668879213494634e+01 3.025217401552249186e+01 2.980810408798920719e+01 2.954586737505912808e+01 2.904363585815001159e+01 2.879107419107050703e+01 2.863012001904375126e+01 2.829382091481198103e+01 2.805775126186325608e+01
1.056130671386277839e+02 5.738982447539937937e+01 4.872208389649339466e+01 4.402200646179774424e+01 4.095010776784009465e+01 4.007288800793996586e+01 3.846520216424493555e+01 3.732490584681166013e+01 3.651896107600564534e+01 3.596907310538002633e+01 3.559606724324427063e+01 3.484408161224140343e+01 3.374167119945285265e+01 3.359679444849653862e+01 3.290858392759987083e+01 3.260753750622249925e+01 3.249451567802377383e+01 3.206907611717345219e+01 3.190224525051439031e+01 3.157835742708176241e+01
1.106032605370576221e+02 6.193014254704288390e+01 5.055567928853175630e+01 4.522814341344067657e+01 4.167314811497262639e+01 3.987734445558768215e+01 3.660146439683584418e+01 3.484275258862621172e+01 3.405330323321846464e+01 3.329517027026794551e+01 3.251557369270430087e+01 3.186530562673689104e+01 3.126385720618927522e+01 3.052158128194482245e+01 2.951536834115033869e+01 2.908893417570942219e+01 2.900785578077301352e+01 2.846917247009456631e+01 2.800290233250089500e+01 2.753814521732700982e+01
1.090640130049641101e+02 6.140051810162216839e+01 5.097282479760625762e+01 4.555266860432266895e+01 4.441364612214439944e+01 4.292801421229450654e+01 4.163842118164910033e+01 4.071000523529954762e+01 3.938116053151712492e+01 3.801330633675512871e+01 3.719789670261141623e+01 3.637969360840622812e+01 3.579025478897531087e+01 3.549584514006887304e+01 3.508426773324202941e+01 3.473952937913072958e+01 3.450237299738941488e+01 3.413876679978450568e+01 3.387903811540017784e+01 3.353533514771396540e+01
1.080434825335172633e+02 5.915958039838643145e+01 5.075823136354005527e+01 4.462032863257287829e+01 4.136289212176121310e+01 3.870842045585632007e+01 3.643962774200146981e+01 3.513688396318546125e+01 3.337783140861788667e+01 3.248502346149520292e+01 3.143073947983921457e+01 3.067752055571053305e+01 3.046078666285509939e+01 3.023974820582554912e+01 2.989771432003967888e+01 2.958817195387581123e+01 2.950371009867399152e+01 2.924126787481819534e+01 2.914478133959048023e+01 2.893252929826413933e+01
1.043522512306228123e+02 5.793215310272543661e+01 4.885360194352690399e+01 4.518507688417862056e+01 4.243087570308458822e+01 3.939754913497150568e+01 3.754606074049828379e+01 3.556754187924203592e+01 3.481906093664709090e+01 3.360446416023606986e+01 3.275623504181300660e+01 3.198433569763922080e+01 3.109122564339307360e+01 3.079353085824439162e+01 3.055901430291246612e+01 3.031378875267794015e+01 3.004185447773902595e+01 2.983425998133588308e+01 2.945539519648357185e+01 2.922125968647000249e+01
1.084911975530893073e+02 6.064024318230829635e+01 5.194623523737463699e+01 4.685138371966168336e+01 4.272856277454791751e+01 3.910957596894250798e+01 3.716528526257192766e+01 3.414094944364030937e+01 3.301779124005188493e+01 3.212405021628647717e+01 3.117982536847340214e+01 3.083820042364273561e+01 3.009496564252327033e+01 2.964532014518567493e+01 2.941526351960241570e+01 2.909001966169646636e+01 2.845102877498558414e+01 2.811705213069322795e+01 2.743360658674059138e+01 2.729745679875638231e+01
1.064891509466258270e+02 6.183881796737468051e+01 5.338213409246332475e+01 4.784356205206361778e+01 4.460161729380958917e+01 4.200020075510177264e+01 4.020995673273218074e+01 3.884468734078402719e+01 3.596780365698894144e+01 3.514984766791389603e+01 3.457923868446007276e+01 3.373093229630836021e+01 3.315476259593652486e+01 3.239355633663211620e+01 3.182437377002746359e+01 3.126833589050837148e+01 3.065930482897522324e+01 3.044160507105913638e+01 3.004534937819361673e+01 2.963549234586659509e+01
1.068454060362510631e+02 5.879958410563422433e+01 5.006181075794716406e+01 4.437707446956248702e+01 4.170614566521764743e+01 3.971846645576497536e+01 3.796452203844199147e+01 3.636365302611417150e+01 3.518442945527479537e+01 3.429565136607335063e+01 3.327292282514093102e+01 3.256368173242312025e+01 3.188621345504373750e+01 3.160815024061758649e+01 3.121398572432438812e+01 3.114385165864376503e+01 3.080008129736858891e+01 3.045376354458223744e+01 3.035783834543479642e+01 3.007551976432021945e+01
1.046483537673247781e+02 5.864502254003551940e+01 5.028410706583490253e+01 4.404273916577695047e+01 4.152212703076848754e+01 4.055199396516532317e+01 3.863220497184831004e+01 3.703292380627277680e+01 3.584405612476968628e+01 3.489777442457418744e+01 3.440321050088294186e+01 3.320771204778375818e+01 3.283101276305971084e+01 3.244886740827793403e+01 3.195609401841240071e+01 3.156744356778268923e+01 3.118735361814085394e+01 3.093277873274124090e+01 3.067022871923710170e+01 3.037933432624562613e+01
1.029201213472514240e+02 5.683272319282655616e+01 4.832648555244416144e+01 4.472242381489235186e+01 4.075648352828360999e+01 3.937848647738291419e+01 3.798957202208622874e+01 3.599713577104778039e+01 3.457518785439558684e+01 3.401812213209231572e+01 3.357801362360769559e+01 3.252777363154444856e+01 3.239573821253093655e+01 3.210352953774999207e+01 3.177959852205719216e+01 3.152455969887027720e+01 3.129834209220384622e+01 3.074908282850674013e+01 3.041969752192088094e+01 3.022131586762731104e+01
1.038432495919894905e+02 5.941728336070578820e+01 5.036366169812548321e+01 4.605055021370830559e+01 4.182865377475840063e+01 3.943338641547462942e+01 3.855433236788029205e+01 3.740786631171115317e+01 3.540028903366881963e+01 3.468437947575727520e+01 3.388957016081888440e+01 3.341978894448470783e+01 3.259796553424522614e+01 3.182050280365032435e+01 3.130834679901284545e+01 3.082257453387098067e+01 3.007615186330901480e+01 2.975965343602093682e+01 2.938037138946603832e+01 2.903550992019818722e+01
1.068385837319831637e+02 5.708054553916120000e+01 4.956449756814959073e+01 4.581097666370001775e+01 4.059744639064465588e+01 3.883292433375786601e+01 3.682425798484239010e+01 3.625644491597507368e+01 3.502609511488191174e+01 3.393069757202054149e+01 3.321989718119903756e+01 3.255915454445328550e+01 3.203118841221204605e+01 3.157052914487363537e+01 3.090153179053376675e+01 3.060657181945467542e+01 3.025553166677340755e+01 2.999527485560962248e+01 2.981092816355759112e+01 2.966378464261660852e+01
1.082151436759375542e+02 5.708017783233265874e+01 4.802452582044893603e+01 4.287209767188442555e+01 4.126873365595810839e+01 3.927153343867078661e+01 3.800503702386937022e+01 3.691534671556916436e+01 3.531869388441853630e+01 3.452749185190347703e+01 3.372000057186923527e+01 3.349574844993740896e+01 3.323505781691473970e+01 3.280925391562815463e+01 3.229810192937637225e+01 3.172309985843979518e+01 3.124967998945360037e+01 3.046162551371644511e+01 3.011133328060425995e+01 2.978942779937955621e+01
1.033087706286248277e+02 5.661221948441655627e+01 4.642248897650014783e+01 4.235265372454542643e+01 3.997343523705943369e+01 3.712121487967139899e+01 3.594970283593060856e+01 3.489262244733802731e+01 3.432183446592122777e+01 3.339225601142678812e+01 3.284827660674690009e+01 3.202207586118084492e+01 3.142108275214960145e+01 3.108794618038100310e+01 3.082218946563136086e+01 3.030222157178643627e+01 2.980173507301720903e+01 2.970840632678961057e+01 2.939093389064461803e+01 2.914640384272106033e+01
1.111850647941396630e+02 6.083315047675193199e+01 5.012779564807056687e+01 4.506284546268548752e+01 4.233515695465272444e+01 3.991612818586359879e+01 3.714981310168667505e+01 3.590653658671835302e+01 3.425971409865078243e+01 3.366357822800137711e+01 3.241588470088403540e+01 3.193832069725033662e+01 3.108872270138618177e+01 3.072296999620538571e+01 3.065030751217161509e+01 3.008621273726812362e+01 2.974623117840321029e+01 2.951458373819798098e+01 2.904750929512940871e+01 2.822409703202281861e+01
1.047531307156694425e+02 6.135480761435779584e+01 5.057798692311607880e+01 4.603481039268177000e+01 4.269759952177235363e+01 4.038507491168783048e+01 3.823686384132589211e+01 3.639450914706163331e+01 3.544666050913641442e+01 3.490139363799835337e+01 3.387742320733745771e+01 3.324673063935567541e+01 3.296540562019687570e+01 3.249798529811366166e+01 3.194929000202131064e+01 3.138888463460376244e+01 3.070592626329025876e+01 3.049447751500865778e+01 3.040242552812388155e+01 3.019188232344991363e+01
1.062272176106292250e+02 6.040506710642178234e+01 5.145862711282051549e+01 4.612608405762429697e+01 4.288358780217250654e+01 4.043067735185445599e+01 3.934169611861091198e+01 3.809078845084819420e+01 3.730101794169395646e+01 3.626701673904611312e+01 3.501585178352922156e+01 3.421413629102801224e+01 3.369531503515085546e+01 3.308464670328605450e+01 3.288629487583500577e+01 3.254987399577106544e+01 3.237618172262671123e+01 3.206119207043916219e+01 3.155497104521127483e+01 3.137861674786768518e+01
