1.000965341233469132e+02 6.585852975740763782e+01 6.585852975740763782e+01 6.585852975740763782e+01 6.585852975740763782e+01 6.585852975740763782e+01 6.509420172269082627e+01 6.509420172269082627e+01 6.509420172269082627e+01 6.509420172269082627e+01 6.509420172269082627e+01 6.509420172269082627e+01 6.509420172269082627e+01 6.509420172269082627e+01 6.509420172269082627e+01 6.509420172269082627e+01 6.509420172269082627e+01 6.509420172269082627e+01 6.509420172269082627e+01 6.509420172269082627e+01
9.784314422512665033e+01 6.854197507412726509e+01 6.793691506594711882e+01 6.793691506594711882e+01 6.735771947333168441e+01 6.735771947333168441e+01 6.709006898006637698e+01 6.709006898006637698e+01 6.709006898006637698e+01 6.709006898006637698e+01 6.709006898006637698e+01 6.695491068692875558e+01 6.633728353742137074e+01 6.633728353742137074e+01 6.633728353742137074e+01 6.633728353742137074e+01 6.633728353742137074e+01 6.623169000404638496e+01 6.623169000404638496e+01 6.623169000404638496e+01
9.669458677904086130e+01 6.689158517399586401e+01 6.685471103106544888e+01 6.674550851821793174e+01 6.674550851821793174e+01 6.674550851821793174e+01 6.674550851821793174e+01 6.674550851821793174e+01 6.674550851821793174e+01 6.674550851821793174e+01 6.674550851821793174e+01 6.645910742477407496e+01 6.645910742477407496e+01 6.645910742477407496e+01 6.645910742477407496e+01 6.645910742477407496e+01 6.645910742477407496e+01 6.645910742477407496e+01 6.645910742477407496e+01 6.645910742477407496e+01
9.450953800763480217e+01 6.828384470623078073e+01 6.654130520996396569e+01 6.654130520996396569e+01 6.654130520996396569e+01 6.654130520996396569e+01 6.654130520996396569e+01 6.654130520996396569e+01 6.654130520996396569e+01 6.654130520996396569e+01 6.654130520996396569e+01 6.654130520996396569e+01 6.654130520996396569e+01 6.654130520996396569e+01 6.654130520996396569e+01 6.654130520996396569e+01 6.654130520996396569e+01 6.652097409257099514e+01 6.652097409257099514e+01 6.652097409257099514e+01
9.901692474579198233e+01 6.607576823561606716e+01 6.607576823561606716e+01 6.607576823561606716e+01 6.607576823561606716e+01 6.607576823561606716e+01 6.607576823561606716e+01 6.607576823561606716e+01 6.607576823561606716e+01 6.607576823561606716e+01 6.607576823561606716e+01 6.607576823561606716e+01 6.607576823561606716e+01 6.607576823561606716e+01 6.607576823561606716e+01 6.607576823561606716e+01 6.607576823561606716e+01 6.607576823561606716e+01 6.607576823561606716e+01 6.607576823561606716e+01
9.752648453372404447e+01 6.880622231218654861e+01 6.752831959793520866e+01 6.752831959793520866e+01 6.752831959793520866e+01 6.752831959793520866e+01 6.752831959793520866e+01 6.752831959793520866e+01 6.752831959793520866e+01 6.698969764031956231e+01 6.698969764031956231e+01 6.532701279539300288e+01 6.532701279539300288e+01 6.532701279539300288e+01 6.532701279539300288e+01 6.532701279539300288e+01 6.532701279539300288e+01 6.532701279539300288e+01 6.532701279539300288e+01 6.532701279539300288e+01
9.574215079053831801e+01 6.931528190341637696e+01 6.719186891026268427e+01 6.719186891026268427e+01 6.719186891026268427e+01 6.719186891026268427e+01 6.719186891026268427e+01 6.719186891026268427e+01 6.711500282466282385e+01 6.711500282466282385e+01 6.711500282466282385e+01 6.644640498083472835e+01 6.644640498083472835e+01 6.644640498083472835e+01 6.507650022581229621e+01 6.507650022581229621e+01 6.507650022581229621e+01 6.507650022581229621e+01 6.507650022581229621e+01 6.507650022581229621e+01
9.716376159013621816e+01 6.773503699790231281e+01 6.773503699790231281e+01 6.687743648144160602e+01 6.687743648144160602e+01 6.687743648144160602e+01 6.687743648144160602e+01 6.687743648144160602e+01 6.650888622478734646e+01 6.650888622478734646e+01 6.650888622478734646e+01 6.650888622478734646e+01 6.650888622478734646e+01 6.650888622478734646e+01 6.650888622478734646e+01 6.650888622478734646e+01 6.650888622478734646e+01 6.650888622478734646e+01 6.650888622478734646e+01 6.650888622478734646e+01
9.890900811166034146e+01 6.707418235754727220e+01 6.670681481620168540e+01 6.670681481620168540e+01 6.670681481620168540e+01 6.670681481620168540e+01 6.670681481620168540e+01 6.670681481620168540e+01 6.670681481620168540e+01 6.670681481620168540e+01 6.670681481620168540e+01 6.576969031395488230e+01 6.576969031395488230e+01 6.576969031395488230e+01 6.576969031395488230e+01 6.576969031395488230e+01 6.576969031395488230e+01 6.576969031395488230e+01 6.576969031395488230e+01 6.576969031395488230e+01
9.785447749560522368e+01 6.548877757154237145e+01 6.548877757154237145e+01 6.548877757154237145e+01 6.548877757154237145e+01 6.548877757154237145e+01 6.548877757154237145e+01 6.548877757154237145e+01 6.548877757154237145e+01 6.548877757154237145e+01 6.548877757154237145e+01 6.548877757154237145e+01 6.548877757154237145e+01 6.548877757154237145e+01 6.548877757154237145e+01 6.535805856508548572e+01 6.535805856508548572e+01 6.535805856508548572e+01 6.535805856508548572e+01 6.535805856508548572e+01
9.794094004885425875e+01 6.683505348419967618e+01 6.683505348419967618e+01 6.683505348419967618e+01 6.683505348419967618e+01 6.683505348419967618e+01 6.683505348419967618e+01 6.683505348419967618e+01 6.683505348419967618e+01 6.683505348419967618e+01 6.588406475043042576e+01 6.588406475043042576e+01 6.588406475043042576e+01 6.588406475043042576e+01 6.588406475043042576e+01 6.588406475043042576e+01 6.588406475043042576e+01 6.588406475043042576e+01 6.588406475043042576e+01 6.580368039363369803e+01
9.710004124428301964e+01 6.743297622576118044e+01 6.743297622576118044e+01 6.743297622576118044e+01 6.725971303207379037e+01 6.725971303207379037e+01 6.701026305495189206e+01 6.701026305495189206e+01 6.701026305495189206e+01 6.680045467932504266e+01 6.680045467932504266e+01 6.680045467932504266e+01 6.680045467932504266e+01 6.680045467932504266e+01 6.680045467932504266e+01 6.680045467932504266e+01 6.680045467932504266e+01 6.680045467932504266e+01 6.680045467932504266e+01 6.604394109939686075e+01
9.570749466149658247e+01 6.856570312216048535e+01 6.812301665317056631e+01 6.766252490378256823e+01 6.766252490378256823e+01 6.766252490378256823e+01 6.745477374252175196e+01 6.613751379736525848e+01 6.613751379736525848e+01 6.613751379736525848e+01 6.613751379736525848e+01 6.613751379736525848e+01 6.613751379736525848e+01 6.613751379736525848e+01 6.613751379736525848e+01 6.613751379736525848e+01 6.613751379736525848e+01 6.613751379736525848e+01 6.613751379736525848e+01 6.613751379736525848e+01
9.766468451088520908e+01 6.735902747601168983e+01 6.735902747601168983e+01 6.735902747601168983e+01 6.518992036590682915e+01 6.518992036590682915e+01 6.518992036590682915e+01 6.518992036590682915e+01 6.518992036590682915e+01 6.518992036590682915e+01 6.518992036590682915e+01 6.518992036590682915e+01 6.518992036590682915e+01 6.518992036590682915e+01 6.518992036590682915e+01 6.518992036590682915e+01 6.518992036590682915e+01 6.518992036590682915e+01 6.518992036590682915e+01 6.518992036590682915e+01
9.796785647132509212e+01 6.940655430522281222e+01 6.885976972255340911e+01 6.708204166837684568e+01 6.708204166837684568e+01 6.680697258212697420e+01 6.680697258212697420e+01 6.680697258212697420e+01 6.677404194021619332e+01 6.677404194021619332e+01 6.677404194021619332e+01 6.617512359221733220e+01 6.617512359221733220e+01 6.617512359221733220e+01 6.617512359221733220e+01 6.617512359221733220e+01 6.617512359221733220e+01 6.617512359221733220e+01 6.603913603081996087e+01 6.603913603081996087e+01
9.766559333948140420e+01 6.737199969555142332e+01 6.622753182452447618e+01 6.622753182452447618e+01 6.622753182452447618e+01 6.622753182452447618e+01 6.622753182452447618e+01 6.622753182452447618e+01 6.622753182452447618e+01 6.622753182452447618e+01 6.622753182452447618e+01 6.622753182452447618e+01 6.622753182452447618e+01 6.622753182452447618e+01 6.622753182452447618e+01 6.622753182452447618e+01 6.622753182452447618e+01 6.622753182452447618e+01 6.622753182452447618e+01 6.622753182452447618e+01
9.467073822501855318e+01 6.864709047833805755e+01 6.841029524140238038e+01 6.745138712158592398e+01 6.745138712158592398e+01 6.745138712158592398e+01 6.668559771083656074e+01 6.668559771083656074e+01 6.542965175406369838e+01 6.542965175406369838e+01 6.542965175406369838e+01 6.542965175406369838e+01 6.542965175406369838e+01 6.542965175406369838e+01 6.542965175406369838e+01 6.542965175406369838e+01 6.542965175406369838e+01 6.542965175406369838e+01 6.542965175406369838e+01 6.542965175406369838e+01
9.880771045255514196e+01 6.962356591055295496e+01 6.918303113217216094e+01 6.918303113217216094e+01 6.563082973463545500e+01 6.563082973463545500e+01 6.563082973463545500e+01 6.563082973463545500e+01 6.563082973463545500e+01 6.563082973463545500e+01 6.563082973463545500e+01 6.563082973463545500e+01 6.563082973463545500e+01 6.563082973463545500e+01 6.563082973463545500e+01 6.563082973463545500e+01 6.563082973463545500e+01 6.563082973463545500e+01 6.563082973463545500e+01 6.563082973463545500e+01
9.536961074596919730e+01 6.900455722278408643e+01 6.716514428506864931e+01 6.716514428506864931e+01 6.716514428506864931e+01 6.643681899125164136e+01 6.643681899125164136e+01 6.643681899125164136e+01 6.643681899125164136e+01 6.520176426301418360e+01 6.520176426301418360e+01 6.520176426301418360e+01 6.520176426301418360e+01 6.520176426301418360e+01 6.520176426301418360e+01 6.520176426301418360e+01 6.520176426301418360e+01 6.520176426301418360e+01 6.520176426301418360e+01 6.520176426301418360e+01
9.458311578252443041e+01 6.767105180551095600e+01 6.767105180551095600e+01 6.734295819575332587e+01 6.734295819575332587e+01 6.612102199819889847e+01 6.612102199819889847e+01 6.612102199819889847e+01 6.612102199819889847e+01 6.612102199819889847e+01 6.612102199819889847e+01 6.612102199819889847e+01 6.612102199819889847e+01 6.612102199819889847e+01 6.612102199819889847e+01 6.612102199819889847e+01 6.612102199819889847e+01 6.612102199819889847e+01 6.612102199819889847e+01 6.612102199819889847e+01
