1.018368252032002772e+02 2.981203287012395009e+01 2.676767788780034252e+01 2.511902505142558439e+01 2.373629910740484306e+01 2.300800369715535965e+01 2.280067962760348621e+01 2.274605355682922081e+01 2.262015635356146603e+01 2.246136864446270209e+01 2.233920580296271652e+01 2.222775154451640134e+01 2.221568835337863490e+01 2.221568835337863490e+01 2.221568835337863490e+01 2.221568835337863490e+01 2.221568835337863490e+01 2.221568835337863490e+01 2.221568835337863490e+01 2.221568835337863490e+01
1.051408306077732817e+02 2.866875155238097150e+01 2.486884680610288356e+01 2.344936782835939937e+01 2.269695261166018341e+01 2.216300564315623589e+01 2.173487017020882561e+01 2.150556616531662257e+01 2.138358291765588959e+01 2.114302131876189605e+01 2.099076206705860415e+01 2.096943980394280871e+01 2.096352108565860561e+01 2.094670090008601804e+01 2.094670090008601804e+01 2.093026411207038961e+01 2.092708172547115808e+01 2.092701916855656563e+01 2.092701916855656563e+01 2.092701916855656563e+01
9.841006524876397066e+01 2.907518167363313566e+01 2.495613807233770132e+01 2.407438393389548281e+01 2.340775739138507916e+01 2.312530704152653982e+01 2.292844931266588659e+01 2.292844931266588659e+01 2.292844931266588659e+01 2.281955846032882462e+01 2.281880241705994905e+01 2.281880241705994905e+01 2.281880241705994905e+01 2.281880241705994905e+01 2.281880241705994905e+01 2.281880241705994905e+01 2.281880241705994905e+01 2.281880241705994905e+01 2.281880241705994905e+01 2.281880241705994905e+01
9.942717423483391315e+01 2.844597695493813916e+01 2.550661935120611545e+01 2.457778532633348334e+01 2.419841281693158663e+01 2.400976220570447595e+01 2.367957443538181650e+01 2.357587078366674405e+01 2.351182467181295266e+01 2.344533743526757519e+01 2.344533743526757519e+01 2.344533743526757519e+01 2.344533743526757519e+01 2.344533743526757519e+01 2.344533743526757519e+01 2.344533743526757519e+01 2.344533743526757519e+01 2.344533743526757519e+01 2.344533743526757519e+01 2.344533743526757519e+01
1.039627524261994012e+02 2.965750551518258504e+01 2.794693395484951282e+01 2.678248414181419079e+01 2.645063201553555743e+01 2.578303612876081274e+01 2.501181633216013367e+01 2.451757453346738558e+01 2.386584081220898312e+01 2.283251894910661051e+01 2.238305653629026182e+01 2.219414421743711685e+01 2.218527604497388950e+01 2.218527604497388950e+01 2.218527604497388950e+01 2.218527604497388950e+01 2.218527604497388950e+01 2.218527604497388950e+01 2.218527604497388950e+01 2.218527604497388950e+01
9.795269898626956717e+01 2.748307571399043070e+01 2.381543374973098182e+01 2.140142341130452053e+01 2.071013453480917832e+01 2.020100178869770247e+01 1.998697495670750612e+01 1.977865413635315051e+01 1.977865413635315051e+01 1.977865413635315051e+01 1.977865413635315051e+01 1.977865413635315051e+01 1.977865413635315051e+01 1.977865413635315051e+01 1.977865413635315051e+01 1.977865413635315051e+01 1.977865413635315051e+01 1.977865413635315051e+01 1.977865413635315051e+01 1.977865413635315051e+01
9.980508014011553541e+01 2.647694502495216184e+01 2.386039687427281564e+01 2.362648925970005109e+01 2.352341657768988625e+01 2.345163678765482018e+01 2.334895642498467794e+01 2.328268378218318801e+01 2.321382467038187514e+01 2.321382467038187514e+01 2.321382467038187514e+01 2.321382467038187514e+01 2.321382467038187514e+01 2.321382467038187514e+01 2.321382467038187514e+01 2.321382467038187514e+01 2.321382467038187514e+01 2.321382467038187514e+01 2.321382467038187514e+01 2.321382467038187514e+01
1.043254100855798612e+02 2.931356474846089810e+01 2.677290877555697790e+01 2.556540806192758808e+01 2.455019842463017810e+01 2.401705514741614067e+01 2.389366926478796671e+01 2.380393835155993543e+01 2.380393835155993543e+01 2.380289765034342508e+01 2.380289765034342508e+01 2.380289765034342508e+01 2.380289765034342508e+01 2.380289765034342508e+01 2.380289765034342508e+01 2.380289765034342508e+01 2.380289765034342508e+01 2.380289765034342508e+01 2.380289765034342508e+01 2.380289765034342508e+01
1.044404528469675171e+02 2.817421727563477774e+01 2.592285122038068224e+01 2.528595395808281765e+01 2.462773430243299089e+01 2.416312272803613936e+01 2.393561661186919309e+01 2.391679203228579098e+01 2.390548331411765304e+01 2.390548331411765304e+01 2.390548331411765304e+01 2.390548331411765304e+01 2.390548331411765304e+01 2.390548331411765304e+01 2.390548331411765304e+01 2.390548331411765304e+01 2.390548331411765304e+01 2.390548331411765304e+01 2.390548331411765304e+01 2.390548331411765304e+01
1.058299637823277664e+02 2.804681558323247614e+01 2.380906631839890153e+01 2.261534879129787967e+01 2.196761855324701074e+01 2.167771866283536397e+01 2.165843066098582881e+01 2.165533939436035382e+01 2.165533939436035382e+01 2.165533939436035382e+01 2.165533939436035382e+01 2.165533939436035382e+01 2.165533939436035382e+01 2.165533939436035382e+01 2.165533939436035382e+01 2.165533939436035382e+01 2.165533939436035382e+01 2.165533939436035382e+01 2.165533939436035382e+01 2.165533939436035382e+01
1.021927529298859127e+02 2.616977654634055028e+01 2.267380052621760100e+01 2.149491337263899382e+01 2.031238774765056831e+01 1.963688157939937895e+01 1.900922000424392522e+01 1.881886656166945215e+01 1.871551992104666340e+01 1.871551992104666340e+01 1.871551992104666340e+01 1.871551992104666340e+01 1.871551992104666340e+01 1.871551992104666340e+01 1.871551992104666340e+01 1.871551992104666340e+01 1.871551992104666340e+01 1.871551992104666340e+01 1.871551992104666340e+01 1.871551992104666340e+01
1.050515424349823803e+02 2.997819474229221726e+01 2.614449590155745895e+01 2.481348437386864347e+01 2.408305537716267963e+01 2.349556051168288562e+01 2.279054837672723721e+01 2.256961280979224682e+01 2.245084244428134213e+01 2.231224254600207857e+01 2.228832832968450006e+01 2.228832832968450006e+01 2.228167905466047216e+01 2.228167905466047216e+01 2.227466212631227549e+01 2.226401268716657000e+01 2.226401268716657000e+01 2.226401268716657000e+01 2.226401268716657000e+01 2.226401268716657000e+01
1.003360721537744809e+02 3.019542090137167634e+01 2.588430003298812920e+01 2.331822948203280532e+01 2.251826303296125431e+01 2.164840386670766392e+01 2.114619316929811887e+01 2.072105401443798200e+01 2.055201220831258624e+01 2.055123691786176465e+01 2.055123691786176465e+01 2.055123691786176465e+01 2.055123691786176465e+01 2.055123691786176465e+01 2.055123691786176465e+01 2.055123691786176465e+01 2.055123691786176465e+01 2.055123691786176465e+01 2.055123691786176465e+01 2.055123691786176465e+01
1.055219721501810426e+02 3.190127746487129556e+01 2.821267327914347334e+01 2.751152650633783736e+01 2.730616855567034307e+01 2.696661591273158720e+01 2.664945872031487539e+01 2.658900002498495496e+01 2.642249085759863192e+01 2.632575184708764482e+01 2.603676532707199698e+01 2.583949230136289188e+01 2.579337192520018718e+01 2.528628766637059400e+01 2.524993482068028428e+01 2.511150484433714425e+01 2.504434416669416308e+01 2.493584743078627852e+01 2.490849788227832207e+01 2.486990499862090331e+01
9.667621300188991995e+01 2.806554574561121029e+01 2.396369169254668563e+01 2.271039986014410417e+01 2.228287240831369687e+01 2.220691502952648477e+01 2.213426832195836624e+01 2.197738599423415451e+01 2.185581998909804469e+01 2.185581998909804469e+01 2.185581998909804469e+01 2.185581998909804469e+01 2.185581998909804469e+01 2.185581998909804469e+01 2.185581998909804469e+01 2.185581998909804469e+01 2.185581998909804469e+01 2.185581998909804469e+01 2.185581998909804469e+01 2.185581998909804469e+01
9.761028144903644943e+01 2.855462189094083314e+01 2.568466509043964763e+01 2.425573958256514473e+01 2.372386639280964360e+01 2.370973195188672378e+01 2.359379106594726494e+01 2.359379106594726494e+01 2.358244128944472706e+01 2.358244128944472706e+01 2.358244128944472706e+01 2.358244128944472706e+01 2.358244128944472706e+01 2.358244128944472706e+01 2.358244128944472706e+01 2.358244128944472706e+01 2.358244128944472706e+01 2.358244128944472706e+01 2.358244128944472706e+01 2.358244128944472706e+01
1.019090559456396790e+02 3.157797581331006498e+01 2.804085949536634104e+01 2.713850369185008304e+01 2.652304020254259598e+01 2.578800203205977581e+01 2.544963667711827426e+01 2.507095485717625394e+01 2.446803501549990045e+01 2.413564252661359077e+01 2.403228162534831114e+01 2.397905042856617186e+01 2.393691603550150759e+01 2.393691603550150759e+01 2.393691603550150759e+01 2.393691603550150759e+01 2.393691603550150759e+01 2.393691603550150759e+01 2.393691603550150759e+01 2.393691603550150759e+01
1.053131090611900049e+02 2.587134542299492423e+01 2.253401382967597755e+01 2.171802048091996440e+01 2.101221748286685198e+01 2.078213151087116728e+01 2.072468880432397142e+01 2.028740583842752798e+01 2.028431424399674299e+01 2.028273923469603091e+01 2.026488126413681812e+01 2.025478315112467698e+01 2.025478315112467698e+01 2.025478315112467698e+01 2.025478315112467698e+01 2.025478315112467698e+01 2.025478315112467698e+01 2.025478315112467698e+01 2.025478315112467698e+01 2.025478315112467698e+01
1.075802469957994845e+02 2.973248923561352086e+01 2.573927683041734937e+01 2.446915546224034443e+01 2.405998112194188465e+01 2.386150310021658427e+01 2.353460291900757539e+01 2.348608538096825171e+01 2.312035276808235196e+01 2.304902243604292167e+01 2.300154842896405327e+01 2.289542261381861010e+01 2.286938580256895293e+01 2.286938580256895293e+01 2.286938580256895293e+01 2.286938580256895293e+01 2.286938580256895293e+01 2.286938580256895293e+01 2.286938580256895293e+01 2.286938580256895293e+01
1.036825955512394017e+02 2.727188812664340745e+01 2.390632079951511102e+01 2.254112325505413139e+01 2.192260918879734533e+01 2.165762800088338480e+01 2.146244346359776500e+01 2.135096725763827408e+01 2.133157780461611708e+01 2.133157780461611708e+01 2.133157780461611708e+01 2.133157780461611708e+01 2.133157780461611708e+01 2.133157780461611708e+01 2.133157780461611708e+01 2.133157780461611708e+01 2.133157780461611708e+01 2.133157780461611708e+01 2.133157780461611708e+01 2.133157780461611708e+01
