9.731512582785981635e+01 5.839382910327045551e+01 4.951926174537295111e+01 4.397652689170453755e+01 4.085068653392764304e+01 3.884058738571225433e+01 3.787708396976648828e+01 3.678262665721356939e+01 3.562975343878655110e+01 3.493499435066117798e+01 3.373407194988136126e+01 3.323791068228467083e+01 3.282939588883694171e+01 3.164548319627301964e+01 3.081938913329247143e+01 3.030339691588549300e+01 2.997592675173592625e+01 2.955881192733222207e+01 2.923441702608936410e+01 2.907024186505528007e+01
9.695547203315796025e+01 5.405245290927243218e+01 4.790004173899995976e+01 4.363606967555694638e+01 4.024546578026398436e+01 3.881008538374582173e+01 3.755813494668436192e+01 3.651814387074266222e+01 3.583891463772224029e+01 3.537891930696720522e+01 3.518108318325140260e+01 3.460272660203447259e+01 3.410655681539155637e+01 3.309219987437495547e+01 3.265080942592988578e+01 3.199562238852112017e+01 3.164830930587550739e+01 3.142258225581912967e+01 3.133463925782699988e+01 3.065232049569457118e+01
9.835218463980331194e+01 5.817687361167590865e+01 5.043114849416919299e+01 4.711351624857972098e+01 4.292590785273789322e+01 4.097343307942632862e+01 3.916158876656439247e+01 3.766820023627712999e+01 3.650923882469263759e+01 3.595187636654712549e+01 3.530302522391384912e+01 3.498055054551812049e+01 3.395951419275665728e+01 3.325216371385538849e+01 3.269997150484488913e+01 3.250637734492256214e+01 3.202374050870472644e+01 3.146668310846395400e+01 3.102570408948620795e+01 3.073209117976088578e+01
9.471043550124822730e+01 5.277583280939222021e+01 4.628189578356221290e+01 4.258944044663306272e+01 3.989297081175029547e+01 3.758481931322462799e+01 3.659330816684233412e+01 3.506880937301571066e+01 3.446804249080635429e+01 3.368409721121005163e+01 3.321473642925733571e+01 3.275950454767521336e+01 3.257753160915250845e+01 3.219983284242820076e+01 3.182250989025910215e+01 3.118033675373652258e+01 3.091798251447371371e+01 3.054548199672018782e+01 3.043610265670538695e+01 3.028735832913359971e+01
9.893042762344184382e+01 5.869111205177500068e+01 4.822173319484476650e+01 4.247865446919961130e+01 3.955471394553736530e+01 3.692457074630213754e+01 3.484988880874157502e+01 3.364046805228498016e+01 3.254468465495129692e+01 3.207651207511935354e+01 3.130660968027876478e+01 2.985746216125288299e+01 2.936962165751791787e+01 2.913627975627732525e+01 2.887838910842128470e+01 2.874937745159894220e+01 2.854567030849118936e+01 2.833171466045566689e+01 2.788209911029357713e+01 2.766540315121812199e+01
9.849634040829378989e+01 5.232750195485163403e+01 4.559754958293608240e+01 4.224863056461330046e+01 3.952000466597614547e+01 3.693403646063466539e+01 3.507389221057282214e+01 3.429765055563544962e+01 3.360719702709032219e+01 3.274581638787735471e+01 3.223443871590063736e+01 3.168330539659024581e+01 3.116547098734236698e+01 3.031075309326459077e+01 2.967473261143529584e+01 2.939052206164156900e+01 2.915827578039129264e+01 2.860849375132033146e+01 2.837590705546212533e+01 2.760594712238145831e+01
9.768626181042910162e+01 5.537488690086988186e+01 4.970883784682506246e+01 4.517441730047480064e+01 4.127853916569129211e+01 4.014165560572335067e+01 3.851456337537799612e+01 3.765619749730685584e+01 3.684007976078726898e+01 3.490102511881828207e+01 3.433158858016960124e+01 3.370142991755531625e+01 3.317362571089071821e+01 3.243055872347542135e+01 3.185111131626493020e+01 3.176340372492305164e+01 3.109169336221000179e+01 3.097927005559418845e+01 3.084873935766609776e+01 3.053893644179256839e+01
9.904764862811860837e+01 5.644232549967780699e+01 4.721974109728724045e+01 4.306646545709607921e+01 3.997666876288260340e+01 3.863937689250247587e+01 3.690706628111894361e+01 3.592196471699757865e+01 3.540726788182239915e+01 3.460647636569792240e+01 3.408554439479675580e+01 3.334632301873694615e+01 3.317753402707509025e+01 3.280764987734225002e+01 3.242554831291752038e+01 3.194019118871111473e+01 3.161522221046558201e+01 3.090698646577624942e+01 3.072918256116781066e+01 3.034215349904390635e+01
9.360957751947812255e+01 6.021611334961058049e+01 5.114399970674786999e+01 4.660663304103776028e+01 4.236591530929037219e+01 3.966905732137514207e+01 3.843283198601380235e+01 3.769537407955429842e+01 3.712383799064913603e+01 3.683311819479690286e+01 3.595267624325940403e+01 3.551211845498009012e+01 3.508655463188522816e+01 3.438315304887192525e+01 3.394883583734016952e+01 3.345987104717676175e+01 3.305133288791822821e+01 3.266012487007199638e+01 3.218860342313783462e+01 3.161042370470634211e+01
9.792316835896144767e+01 5.901663113524436000e+01 5.146807658574829247e+01 4.642769445270441508e+01 4.347807416670711689e+01 4.155092630271372656e+01 4.051156017557951827e+01 3.899131958368949569e+01 3.809623090567751547e+01 3.584785082227465836e+01 3.520253602096973822e+01 3.420874591452064806e+01 3.315328314467098636e+01 3.247184768205279681e+01 3.187227555473829099e+01 3.135188247932393324e+01 3.072141385164098892e+01 3.006155423090906709e+01 2.973477523957089019e+01 2.941167101618126978e+01
9.590528128501442495e+01 5.629446122585278545e+01 4.888740863711624485e+01 4.386069071242831541e+01 3.999954762620839688e+01 3.839127313218826032e+01 3.718843809857448690e+01 3.558420135033225762e+01 3.464611387508467288e+01 3.385462257969707878e+01 3.293666925416542313e+01 3.268357622312578314e+01 3.149365844868653852e+01 3.100420335114554149e+01 3.069604188831785763e+01 2.984824859062426228e+01 2.941720771896173048e+01 2.901558034281871912e+01 2.875606569926983624e+01 2.861945257429956868e+01
9.482914389633251062e+01 5.559534959982863711e+01 4.599945047288908739e+01 4.128500645007061109e+01 4.026588993880192646e+01 3.873844894316102483e+01 3.669206287398479560e+01 3.513416703658016615e+01 3.429493232064305630e+01 3.323361373549750653e+01 3.273478709793315033e+01 3.190467021275471993e+01 3.159547194671145576e+01 3.134107086836366207e+01 3.102404158256933897e+01 3.036021424134577629e+01 2.990647279604736042e+01 2.964153920758564098e+01 2.931841710035948623e+01 2.907043388822491181e+01
9.649769767384296415e+01 5.797187841319011170e+01 5.089703938343415501e+01 4.706114411019385102e+01 4.372542373092693424e+01 4.181100272445171129e+01 4.054620303850062157e+01 3.887765350055300217e+01 3.777587591531585076e+01 3.665038932875847877e+01 3.561728827001299180e+01 3.458894710954093910e+01 3.393885689328333655e+01 3.334173855526300656e+01 3.245047680717079430e+01 3.181377072330339573e+01 3.164886066498383599e+01 3.043709826729985934e+01 3.023290843740103284e+01 2.991614970067678669e+01
9.791181022205354623e+01 6.007487911534489200e+01 4.879189250524443366e+01 4.342353639924378683e+01 4.125744209147071473e+01 3.810133897290183569e+01 3.660494467379636063e+01 3.525823628067541193e+01 3.419112393799311889e+01 3.367454906519422764e+01 3.305236126968303267e+01 3.241870470381451241e+01 3.176517552054521687e+01 3.143928335766706894e+01 3.125128364092494238e+01 3.057225193107379724e+01 3.014305682453056079e+01 2.995710899411347228e+01 2.943330632954258874e+01 2.904695401203148464e+01
9.885648243806799940e+01 5.633538954266816035e+01 4.932026519908811935e+01 4.588977656368905400e+01 4.276103718894726313e+01 4.009322670476862527e+01 3.847059594594840348e+01 3.707094197735624164e+01 3.564433572111833826e+01 3.456476498566043887e+01 3.339354483052012057e+01 3.283105179127265671e+01 3.234170786161995181e+01 3.196090248167115178e+01 3.146615819950220683e+01 3.131069172249054589e+01 3.066291247046138224e+01 3.026441632922091785e+01 3.000280640189822989e+01 2.978020058367489398e+01
9.623004774015603857e+01 5.607652730015013987e+01 4.690642623679986656e+01 4.149568875158526993e+01 3.756690294214912740e+01 3.610907663074947038e+01 3.477818722966242149e+01 3.317127791091793654e+01 3.231397933885863694e+01 3.129748199874088499e+01 3.000713503043168018e+01 2.902751376901066038e+01 2.872719030388117645e+01 2.829250962015471416e+01 2.814325854685111494e+01 2.757883015712267749e+01 2.723041009731597484e+01 2.687500553628214206e+01 2.679805238052945171e+01 2.639462706859267627e+01
9.461877004500826160e+01 5.778480792192461735e+01 4.899305822964447543e+01 4.356735527207218439e+01 4.130918738524633227e+01 3.846722198793964509e+01 3.735522069239773657e+01 3.569707196013641948e+01 3.365429262495091223e+01 3.303607397614146635e+01 3.242070587391526715e+01 3.167654929077457027e+01 3.135024889325321595e+01 3.095969427509089655e+01 3.066530125471322066e+01 3.018537657514400152e+01 2.949494434816583777e+01 2.934055379253315010e+01 2.915095021928974717e+01 2.902895748252417718e+01
9.866414701771732609e+01 5.499173985607686177e+01 4.749831416734499356e+01 4.366582684079796906e+01 4.012308528232720306e+01 3.798940872232318355e+01 3.686547512387637937e+01 3.567765082200394744e+01 3.467557984729738507e+01 3.359819838748354925e+01 3.324035872101563172e+01 3.261630092101534473e+01 3.155312968991499645e+01 3.124469349165982379e+01 3.085861641102987818e+01 3.020345729745299579e+01 2.952278200500940031e+01 2.943540517921170618e+01 2.908062775995434279e+01 2.874471751986872547e+01
9.876319723342528789e+01 5.759880142330501229e+01 4.778378591072678461e+01 4.356920596315561056e+01 3.988344009611238050e+01 3.735516931972813381e+01 3.560263372575919050e+01 3.430631458486212182e+01 3.384504864427533732e+01 3.317603249557748057e+01 3.236660697762289374e+01 3.169184417719958802e+01 3.137974889134161316e+01 3.084277025436744424e+01 2.979282512309954001e+01 2.958678599007433263e+01 2.917476989439098034e+01 2.902362194261485229e+01 2.883641924627557529e+01 2.861732408714514264e+01
9.804270505247571066e+01 5.836645765187724066e+01 4.735514499897227836e+01 4.253148274242860793e+01 3.994461608742708592e+01 3.846755535069940635e+01 3.727673624489059989e+01 3.629403782919682442e+01 3.575828911159122470e+01 3.472430439285206916e+01 3.307572069408649895e+01 3.223486387681332843e+01 3.125925402090528848e+01 3.084591510274786330e+01 3.023183162636536281e+01 2.985134161101740347e+01 2.931880740282968034e+01 2.908535520021374410e+01 2.879548495679473419e+01 2.868557209382504070e+01
