1.033311244205642652e+02
5.572464050163628002e+01
4.646119585604969160e+01
4.181167949854398813e+01
3.912825253749237930e+01
3.515612925675335276e+01
3.360054871804830867e+01
3.273901766372043198e+01
3.184338744659288878e+01
3.063516140894782680e+01
3.003578568237634983e+01
2.967297856781969045e+01
2.912632068429687493e+01
2.894474620562913358e+01
2.847604702050209369e+01
2.819450386229918237e+01
2.771800075519336559e+01
2.743540922569580687e+01
2.715507899621153953e+01
2.692799280227958292e+01
2.674165103386971154e+01
2.655102667437277830e+01
2.608793041982972127e+01
2.597399176033619739e+01
2.568714639252606347e+01
2.537826374675982422e+01
2.524316067574259392e+01
2.516626104855070878e+01
2.499576736316465997e+01
2.483716836708448383e+01
2.466076529754422708e+01
2.460782624647503880e+01
2.448787304891958883e+01
2.438986110628365722e+01
2.433084467104227500e+01
2.421327375675708637e+01
2.405740804286550727e+01
2.368449852114728671e+01
2.346022783645905818e+01
2.327642696507089326e+01
2.321511015501404529e+01
2.306695157348096359e+01
2.303539825958375786e+01
2.289910833970562720e+01
2.270719564000965818e+01
2.270719564000965818e+01
2.262653713085525453e+01
2.246488679504984276e+01
2.241388389934167691e+01
2.236094944422710995e+01
2.236094944422710995e+01
2.234704349978991189e+01
2.221957817097099053e+01
2.215410209966883315e+01
2.206339323318451662e+01
2.201086283380907105e+01
2.194633776615610898e+01
2.190917009603024113e+01
2.175805869884209898e+01
2.171476597826698196e+01
2.167589797003798679e+01
2.157218341903445591e+01
2.156846318796451101e+01
2.154888706178068247e+01
2.154888706178068247e+01
2.154888706178068247e+01
2.154843093201132476e+01
2.151039798543283510e+01
2.141684015697040167e+01
2.141252734191278861e+01
2.138552311616890833e+01
2.132177924568091854e+01
2.128183313556567313e+01
2.125263182210486335e+01
2.123082966989443321e+01
2.122278382949045294e+01
2.118762733613537819e+01
2.118272065387666458e+01
2.116929849290444920e+01
2.106839614439079256e+01
2.106839614439079256e+01
2.104957673211794145e+01
2.099899081893267905e+01
2.099899081893267905e+01
2.099518756544152964e+01
2.096919815166109657e+01
2.092888803407013398e+01
2.089648460999597646e+01
2.089648460999597646e+01
2.089648460999597646e+01
2.086528547634816988e+01
2.083674331795230827e+01
2.082155613365367230e+01
2.081462240692701471e+01
2.080998239852567622e+01
2.080464461076224580e+01
2.079095561059094521e+01
2.079095561059094521e+01
2.078212882765770431e+01
2.078212882765770431e+01
2.063852335416442330e+01
2.063852335416442330e+01
2.063852335416442330e+01
2.063852335416442330e+01
2.063852335416442330e+01
2.063852335416442330e+01
2.063281299504846800e+01
2.063281299504846800e+01
2.063281299504846800e+01
2.061268230080350961e+01
2.051377065544794576e+01
2.050454718276865762e+01
2.050454718276865762e+01
2.050454718276865762e+01
2.050454718276865762e+01
2.050454718276865762e+01
2.050446714454472286e+01
2.050446714454472286e+01
2.050446714454472286e+01
2.050446714454472286e+01
2.049759547468195464e+01
2.049759547468195464e+01
2.049733218693168979e+01
2.049733218693168979e+01
2.049733218693168979e+01
2.046717954375394299e+01
2.046717954375394299e+01
2.046717954375394299e+01
2.046717954375394299e+01
2.046717954375394299e+01
2.046717954375394299e+01
2.046717954375394299e+01
2.046717954375394299e+01
2.046717954375394299e+01
2.046717954375394299e+01
2.046717954375394299e+01
2.046484123337619465e+01
2.046484123337619465e+01
2.046484123337619465e+01
2.042405791520413771e+01
2.032617499808073092e+01
2.032617499808073092e+01
2.032365009878762052e+01
2.032365009878762052e+01
2.032365009878762052e+01
2.032365009878762052e+01
2.032365009878762052e+01
2.032365009878762052e+01
2.030729110305744101e+01
2.030729110305744101e+01
2.030729110305744101e+01
2.030729110305744101e+01
2.030729110305744101e+01
2.030729110305744101e+01
2.030729110305744101e+01
2.030729110305744101e+01
2.030729110305744101e+01
2.030729110305744101e+01
2.030448623053760215e+01
2.030448623053760215e+01
2.030448623053760215e+01
2.030448623053760215e+01
2.030448623053760215e+01
2.027537058335243358e+01
2.027537058335243358e+01
2.027537058335243358e+01
2.026846660249457699e+01
2.026176054122779036e+01
2.026176054122779036e+01
2.026176054122779036e+01
2.025814175345413659e+01
2.025814175345413659e+01
2.025814175345413659e+01
2.025814175345413659e+01
2.025814175345413659e+01
2.025814175345413659e+01
2.025814175345413659e+01
2.025814175345413659e+01
2.025814175345413659e+01
2.024049071568425262e+01
2.024049071568425262e+01
2.024049071568425262e+01
2.024049071568425262e+01
2.024049071568425262e+01
2.024049071568425262e+01
2.021978343482775742e+01
2.020175439222441227e+01
2.020175439222441227e+01
2.020175439222441227e+01
2.020175439222441227e+01
2.020175439222441227e+01
2.020175439222441227e+01
2.020175439222441227e+01
2.020175439222441227e+01
2.020175439222441227e+01
2.020175439222441227e+01
2.020175439222441227e+01
2.020175439222441227e+01
2.020175439222441227e+01
2.006375544430592583e+01
